-1.3276700802179195
-1.1954420119214064
-1.3441353142160006
-2.9803732693387235
-3.823263058018568
-1.3117623085991168
0.30031046167019704
7.190133443796438
-0.23931872943673688
0.23920798174669888
-1.185608894579108
1.2189362805931532
0.8543753710566836
-1.242341484861749
-1.0623241488909487
1.3364237035212991
0.7973928095197897
1.2555999706394014
-1.0932715722720516
1.21311427231714
0.7880105148082452
0.26873978260330833
-2.3371422417013745
1.3217144833310999
1.2391305190316353
-1.0438245840173193
-0.16921590405687228
1.4373175804430876
-0.8768467126398071
-0.6588999779752733
-1.0822284256878316
0.5272145679488006
-1.2897654157676293
-1.1980212712997522
1.3268020330628787
-1.3393707127761136
-2.1786805399564484
0.33441660489703123
1.3484542725205755
0.046186758568126256
1.1427671495711604
1.0933403357009452
-1.3681863432963157
0.3980553466029405
-1.1998463317913795
-0.7800904807168507
1.3116479914481478
0.6464995209761183
-1.0911227158517167
0.3255536367736765
1.2170432564999916
1.1143345856791067
0.1758003030556483
-0.7700434341947179
0.12633941666148923
1.3257638481389036
-1.9300778687872575
1.3418274806938055
-0.142150205001293
-0.24224806339493893
0.9547335762722637
-2.4954656984044723
0.7046258856347137
1.2853912203086906
-1.7284030231533387
0.15494214571877382
0.002337998498597957
1.4011518789335693
-2.088375009416536
0.09696984146892229
-7.774448006289427
1.3861020017037802
-1.197653097316935
1.3969929059185908
1.2606832872692117
1.317851927188602
0.5933678903620624
-1.2864267872540769
0.23053966504151108
-3.29558627852268
1.2852851887352312
1.304382346087377
1.234987392495451
1.1874795712335695
-1.176333479847018
-2.327438813207275
0.06293006042956152
1.3491134922877495
-1.0104138512787284
-1.391678421826746
-0.4815047067067997
2.2092885306209076
1.4326801220667862
-1.9132506769892683
-0.6004392129077487
6.222637130711713
-1.0808569533733272
1.365149098882011
0.41908320171075136
0.14973085962583238
